0.265 0.033
0.330 0.031
0.330 0.033
0.330 0.032
0.330 0.032
0.282 0.035
0.282 0.037
0.282 0.035
0.282 0.028
0.234 0.027
0.234 0.029
0.234 0.034
0.234 0.033
0.220 0.027
0.220 0.029
0.220 0.027
0.220 0.029
0.121 0.029
0.121 0.029
0.121 0.032
0.121 0.028
0.157 0.023
0.157 0.025
0.157 0.026
0.157 0.022
0.096 0.031
0.096 0.032
0.096 0.032
0.096 0.035
0.094 0.035
0.094 0.035
0.094 0.040
0.094 0.039
0.029 0.040
0.029 0.035
0.029 0.033
0.029 0.032
-0.000 0.031
-0.000 0.031
-0.000 0.039
-0.000 0.040
-0.044 0.044
-0.044 0.040
-0.044 0.042
-0.044 0.040
-0.011 0.037
-0.011 0.039
-0.011 0.039
-0.011 0.038
0.001 0.033
0.001 0.022
0.001 0.019
0.001 0.023
0.024 0.023
0.024 0.023
0.024 0.023
0.024 0.020
0.071 0.023
0.071 0.032
0.071 0.038
0.071 0.039
0.118 0.039
0.118 0.039
0.118 0.038
0.118 0.038
0.118 0.037
0.086 0.032
0.086 0.031
0.086 0.028
0.086 0.031
0.195 0.035
0.195 0.034
0.195 0.035
0.195 0.040
0.189 0.037
0.189 0.037
0.189 0.037
0.189 0.034
0.183 0.028
0.183 0.032
0.183 0.037
0.183 0.037
0.183 0.041
0.190 0.042
0.190 0.044
0.190 0.041
0.190 0.045
0.120 0.035
0.120 0.028
0.120 0.028
0.120 0.020
0.186 0.023
0.186 0.023
0.186 0.029
0.186 0.028
0.095 0.035
0.095 0.028
0.095 0.025
0.095 0.026
0.114 0.026
0.114 0.026
0.114 0.029
0.114 0.032
0.114 0.027
0.118 0.023
0.118 0.027
0.118 0.026
0.118 0.027
0.077 0.031
0.077 0.031
0.077 0.033
0.077 0.032
0.089 0.034
0.089 0.038
0.089 0.044
0.089 0.040
0.076 0.042
0.076 0.041
0.076 0.041
0.057 0.037
0.057 0.037
0.057 0.035
0.057 0.037
0.086 0.035
0.086 0.045
0.086 0.046
0.086 0.042
0.095 0.037
0.095 0.035
0.095 0.035
0.095 0.037
0.114 0.037
0.114 0.038
0.114 0.037
0.114 0.037
0.052 0.028
0.052 0.028
0.052 0.026
0.052 0.025
0.081 0.023
0.081 0.027
0.081 0.025
0.081 0.027
0.147 0.021
0.147 0.020
0.147 0.022
0.147 0.025
0.141 0.017
0.141 0.021
0.141 0.020
0.141 0.013
0.136 0.021
0.136 0.016
0.136 0.014
0.136 0.015
0.155 0.023
0.155 0.022
0.155 0.020
0.155 0.014
0.155 0.013
0.169 0.007
0.169 0.007
0.169 0.011
0.169 0.016
0.169 0.017
0.103 0.026
0.103 0.027
0.103 0.023
0.103 0.022
0.120 0.025
0.120 0.028
0.120 0.032
0.120 0.038
0.057 0.037
0.057 0.034
0.057 0.033
0.057 0.039
0.117 0.028
0.117 0.031
0.117 0.026
0.117 0.027
0.141 0.034
0.141 0.038
0.141 0.037
0.141 0.035
0.223 0.034
0.223 0.025
0.223 0.026
0.223 0.025
0.189 0.014
0.189 0.017
0.189 0.021
0.189 0.029
0.139 0.032
0.139 0.032
0.139 0.026
0.139 0.029
0.189 0.033
0.189 0.033
0.189 0.027
0.189 0.025
0.189 0.023
0.206 0.032
0.206 0.033
0.206 0.029
0.206 0.033
0.261 0.041
0.261 0.042
0.261 0.041
0.261 0.040
0.217 0.040
0.217 0.042
0.217 0.040
0.217 0.034
0.182 0.031
0.182 0.027
0.182 0.023
0.182 0.023
0.182 0.022
0.135 0.026
0.135 0.026
0.135 0.022
0.135 0.022
0.133 0.021
0.133 0.021
0.133 0.025
0.133 0.027
0.143 0.038
0.143 0.042
0.143 0.042
0.143 0.040
0.143 0.040
0.235 0.044
0.235 0.039
0.235 0.034
0.235 0.027
0.228 0.040
0.228 0.040
0.228 0.038
0.192 0.032
0.192 0.034
0.192 0.035
0.192 0.041
0.142 0.037
0.142 0.037
0.142 0.033
0.142 0.033
0.182 0.037
0.182 0.037
0.182 0.034
0.182 0.040
0.182 0.046
0.135 0.045
0.135 0.040
0.135 0.035
0.135 0.033
0.057 0.032
0.057 0.028
0.057 0.029
0.057 0.032
0.051 0.037
0.051 0.033
0.051 0.029
0.051 0.027
0.047 0.035
0.047 0.038
0.047 0.039
0.047 0.041
0.044 0.042
0.044 0.040
0.044 0.039
0.044 0.041
0.052 0.032
0.052 0.029
0.052 0.031
0.052 0.026
0.091 0.028
0.091 0.031
0.091 0.034
0.091 0.040
0.163 0.046
0.163 0.046
0.163 0.047
0.163 0.051
0.163 0.051
0.186 0.042
0.186 0.042
0.186 0.039
0.186 0.033
0.191 0.027
0.191 0.020
0.191 0.016
0.191 0.014
0.191 0.014
0.228 0.020
0.228 0.021
0.228 0.022
0.228 0.019
0.223 0.021
0.223 0.021
0.223 0.019
0.223 0.019
0.223 0.020
0.134 0.025
0.134 0.023
0.134 0.029
0.134 0.029
0.134 0.027
0.098 0.029
0.098 0.027
0.098 0.031
0.098 0.026
0.039 0.028
0.039 0.032
0.039 0.026
0.039 0.026
0.038 0.032
0.038 0.039
0.038 0.033
0.038 0.027
0.016 0.029
0.016 0.027
0.016 0.027
0.016 0.032
0.065 0.026
0.065 0.025
0.065 0.034
0.065 0.035
0.069 0.028
0.069 0.025
0.069 0.022
0.069 0.023
0.126 0.026
0.126 0.029
0.126 0.026
0.126 0.027
0.158 0.033
0.158 0.038
0.158 0.034
0.158 0.035
0.115 0.031
0.115 0.029
0.115 0.037
0.115 0.033
0.172 0.037
0.172 0.033
0.172 0.022
0.172 0.019
0.182 0.017
0.182 0.010
0.182 0.007
0.182 0.013
0.168 0.022
0.168 0.021
0.168 0.023
0.168 0.027
0.188 0.033
0.188 0.028
0.188 0.031
0.188 0.027
0.150 0.031
0.150 0.029
0.150 0.028
0.150 0.028
0.219 0.027
0.219 0.027
0.219 0.026
0.219 0.023
0.219 0.022
0.174 0.029
0.174 0.029
0.174 0.029
0.174 0.027
0.204 0.029
0.204 0.031
0.204 0.032
0.204 0.031
0.153 0.032
0.153 0.037
0.153 0.035
0.153 0.033
-0.005 0.033
-0.005 0.035
-0.005 0.040
-0.005 0.037
-0.017 0.031
-0.017 0.034
-0.017 0.038
-0.017 0.039
-0.003 0.039
-0.003 0.032
-0.003 0.038
-0.003 0.035
0.017 0.029
0.017 0.028
0.017 0.022
0.017 0.020
0.077 0.022
0.077 0.023
0.077 0.020
0.077 0.022
0.054 0.033
0.054 0.039
0.054 0.042
0.054 0.042
0.114 0.044
0.114 0.047
0.114 0.042
0.114 0.034
0.202 0.023
0.202 0.022
0.202 0.023
0.202 0.027
0.202 0.027
0.225 0.025
0.225 0.028
0.225 0.023
0.225 0.023
0.274 0.027
0.274 0.026
0.274 0.022
0.274 0.020
0.274 0.020
0.280 0.014
0.280 0.016
0.280 0.013
0.280 0.009
0.263 0.019
0.263 0.021
0.263 0.021
0.263 0.020
0.227 0.029
0.227 0.033
0.227 0.027
0.227 0.020
0.232 0.025
0.232 0.025
0.232 0.025
0.232 0.032
0.194 0.022
0.194 0.025
0.194 0.028
0.194 0.027
0.142 0.032
0.142 0.038
0.142 0.042
0.142 0.040
0.095 0.034
0.095 0.031
0.095 0.026
0.095 0.025
0.100 0.026
0.100 0.019
0.100 0.019
0.100 0.022
0.073 0.027
0.073 0.027
0.073 0.026
0.073 0.029
0.086 0.028
0.086 0.035
0.086 0.039
0.086 0.035
0.116 0.034
0.116 0.034
0.116 0.035
0.116 0.037
0.074 0.033
0.074 0.032
0.074 0.037
0.074 0.034
0.075 0.026
0.075 0.025
0.075 0.025
0.075 0.023
0.075 0.028
0.031 0.031
0.031 0.031
0.031 0.033
0.031 0.035
0.141 0.033
0.141 0.025
0.141 0.025
0.141 0.021
0.081 0.025
0.081 0.021
0.081 0.023
0.047 0.025
0.047 0.022
0.047 0.027
0.047 0.032
0.131 0.034
0.131 0.033
0.131 0.038
0.131 0.037
0.138 0.046
0.138 0.047
0.138 0.042
0.138 0.038
0.091 0.029
0.091 0.032
0.091 0.032
0.091 0.027
0.091 0.032
0.108 0.029
0.108 0.035
0.108 0.037
0.108 0.038
0.101 0.033
0.101 0.037
0.101 0.038
0.101 0.039
0.182 0.035
0.182 0.034
0.182 0.035
0.182 0.038
0.188 0.038
0.188 0.039
0.188 0.041
0.188 0.037
0.118 0.034
0.118 0.035
0.118 0.035
0.118 0.040
0.107 0.042
0.107 0.045
0.107 0.046
0.107 0.046
0.107 0.046
0.111 0.042
0.111 0.037
0.111 0.027
0.111 0.020
0.070 0.017
0.070 0.019
0.070 0.020
0.070 0.017
0.158 0.013
0.158 0.011
0.158 0.019
0.158 0.017
0.158 0.023
0.181 0.027
0.181 0.026
0.181 0.028
0.181 0.031
0.176 0.037
0.176 0.038
0.176 0.042
0.176 0.042
0.130 0.044
0.130 0.040
0.130 0.038
0.130 0.037
0.139 0.037
0.139 0.034
0.139 0.032
0.139 0.031
0.167 0.026
0.167 0.025
0.167 0.027
0.167 0.027
0.113 0.029
0.113 0.027
0.113 0.021
0.113 0.020
0.135 0.017
0.135 0.020
0.135 0.022
0.135 0.023
0.207 0.028
0.207 0.028
0.207 0.026
0.207 0.029
0.110 0.029
0.110 0.026
0.110 0.029
0.110 0.029
0.110 0.034
0.100 0.044
0.100 0.045
0.100 0.041
0.100 0.045
0.062 0.039
0.062 0.039
0.062 0.037
0.062 0.032
0.033 0.033
0.033 0.037
0.033 0.035
0.033 0.035
0.086 0.032
0.086 0.031
0.086 0.035
0.086 0.037
0.116 0.041
0.116 0.041
0.116 0.037
0.116 0.027
0.128 0.034
0.128 0.037
0.128 0.038
0.128 0.040
0.128 0.042
0.061 0.033
0.061 0.028
0.061 0.028
0.061 0.028
0.151 0.028
0.151 0.028
0.151 0.033
0.121 0.032
0.121 0.032
0.121 0.033
0.121 0.037
0.121 0.041
0.121 0.041
0.121 0.032
0.121 0.034
0.121 0.035
0.129 0.037
0.129 0.042
0.129 0.040
0.129 0.041
0.148 0.037
0.148 0.035
0.148 0.038
0.148 0.041
0.141 0.037
0.141 0.034
0.141 0.031
0.141 0.031
0.126 0.021
0.126 0.017
0.126 0.016
0.126 0.010
0.146 0.014
0.146 0.013
0.146 0.016
0.146 0.013
0.086 0.016
0.086 0.016
0.086 0.017
0.086 0.014
0.116 0.017
0.116 0.020
0.116 0.021
0.116 0.019
0.193 0.020
0.193 0.015
0.193 0.017
0.193 0.025
0.175 0.026
0.175 0.027
0.175 0.027
0.175 0.027
0.203 0.027
0.203 0.026
0.203 0.027
0.203 0.033
0.162 0.026
0.162 0.032
0.162 0.027
0.162 0.032
0.119 0.026
0.119 0.021
0.119 0.025
0.119 0.027
0.097 0.028
0.097 0.031
0.097 0.029
0.097 0.029
0.113 0.032
0.113 0.037
0.113 0.037
0.113 0.035
0.072 0.028
0.072 0.025
0.072 0.029
0.072 0.020
0.063 0.025
0.063 0.027
0.063 0.021
0.063 0.019
0.100 0.021
0.100 0.019
0.100 0.021
0.100 0.022
0.137 0.025
0.137 0.025
0.137 0.027
0.137 0.028
0.164 0.019
0.164 0.021
0.164 0.023
0.164 0.022
0.185 0.021
0.185 0.023
0.185 0.028
0.185 0.027
0.094 0.028
0.094 0.027
0.094 0.028
0.094 0.027
0.154 0.027
0.154 0.023
0.154 0.025
0.154 0.027
0.114 0.029
0.114 0.029
0.114 0.033
0.114 0.033
0.072 0.038
0.072 0.039
0.072 0.040
0.072 0.040
0.095 0.039
0.095 0.041
0.095 0.039
0.095 0.035
0.078 0.041
0.078 0.041
0.078 0.038
0.078 0.041
0.109 0.037
0.109 0.037
0.109 0.040
0.109 0.046
0.109 0.050
0.121 0.037
0.121 0.038
0.121 0.035
0.068 0.032
0.068 0.038
0.068 0.034
0.068 0.032
0.134 0.037
0.134 0.038
0.134 0.027
0.134 0.026
0.206 0.031
0.206 0.029
0.206 0.031
0.206 0.032
0.239 0.034
0.239 0.034
0.239 0.028
0.239 0.026
0.199 0.028
0.199 0.031
0.199 0.031
0.199 0.033
0.169 0.040
0.169 0.039
0.169 0.027
0.169 0.029
0.059 0.028
0.059 0.027
0.059 0.031
0.059 0.033
-0.002 0.037
-0.002 0.035
-0.002 0.037
-0.002 0.033
-0.005 0.033
-0.005 0.032
-0.005 0.026
-0.005 0.020
0.025 0.023
0.025 0.027
0.025 0.034
0.025 0.032
0.114 0.032
0.114 0.032
0.114 0.031
0.114 0.026
0.093 0.023
0.093 0.022
0.093 0.017
0.093 0.019
0.100 0.028
0.100 0.032
0.100 0.034
0.100 0.038
0.126 0.034
0.126 0.034
0.126 0.032
0.126 0.035
0.126 0.031
0.102 0.026
0.102 0.023
0.102 0.026
0.102 0.025
0.161 0.029
0.161 0.029
0.161 0.023
0.161 0.023
0.171 0.022
0.171 0.027
0.171 0.027
0.171 0.027
0.171 0.025
0.171 0.032
0.170 0.040
0.170 0.044
0.170 0.045
0.170 0.039
0.147 0.042
0.147 0.042
0.147 0.039
0.147 0.041
0.161 0.046
0.161 0.047
0.161 0.048
0.161 0.053
0.151 0.045
0.151 0.046
0.151 0.045
0.151 0.048
0.228 0.045
0.228 0.042
0.228 0.040
0.228 0.038
0.156 0.037
0.156 0.033
0.156 0.026
0.156 0.025
0.126 0.026
0.126 0.021
0.126 0.023
0.126 0.029
0.102 0.029
0.102 0.027
0.102 0.019
0.102 0.019
0.075 0.017
0.075 0.020
0.075 0.020
0.075 0.020
0.161 0.025
0.161 0.019
0.161 0.020
0.161 0.025
0.193 0.025
0.193 0.028
0.193 0.032
0.193 0.032
0.184 0.027
0.184 0.027
0.184 0.031
0.184 0.028
0.184 0.028
0.201 0.033
0.201 0.035
0.201 0.038
0.181 0.032
0.181 0.032
0.181 0.029
0.181 0.029
0.181 0.028
0.132 0.038
0.132 0.040
0.132 0.040
0.132 0.040
0.107 0.052
0.107 0.046
0.107 0.046
0.107 0.044
0.153 0.039
0.153 0.037
0.153 0.038
0.153 0.048
0.153 0.040
0.188 0.037
0.188 0.038
0.188 0.038
0.188 0.039
0.169 0.050
0.169 0.045
0.169 0.042
0.169 0.041
0.189 0.044
0.189 0.039
0.189 0.044
0.189 0.044
0.189 0.044
0.193 0.046
0.193 0.047
0.193 0.042
0.193 0.040
0.175 0.039
0.175 0.038
0.175 0.033
0.175 0.037
0.171 0.039
0.171 0.044
0.171 0.038
0.171 0.038
0.171 0.033
0.127 0.029
0.127 0.029
0.127 0.019
0.127 0.020
0.113 0.019
0.113 0.022
0.113 0.022
0.113 0.014
0.071 0.014
0.071 0.014
0.071 0.013
0.071 0.015
0.071 0.019
0.125 0.026
0.125 0.027
0.125 0.029
0.125 0.033
0.198 0.028
0.198 0.033
0.198 0.035
0.198 0.041
0.243 0.042
0.243 0.042
0.243 0.047
0.243 0.046
0.243 0.046
0.244 0.038
0.244 0.032
0.244 0.033
0.244 0.037
0.224 0.039
0.224 0.038
0.224 0.039
0.224 0.033
0.208 0.029
0.208 0.029
0.208 0.022
0.208 0.022
0.196 0.021
0.196 0.033
0.196 0.027
0.196 0.021
0.230 0.021
0.230 0.025
0.230 0.028
0.230 0.029
0.148 0.029
0.148 0.028
0.148 0.031
0.148 0.029
0.150 0.039
0.150 0.037
0.150 0.038
0.150 0.039
0.120 0.048
0.120 0.047
0.120 0.041
0.120 0.033
0.196 0.029
0.196 0.031
0.196 0.026
0.196 0.025
0.133 0.026
0.133 0.025
0.133 0.021
0.133 0.027
0.193 0.027
0.193 0.026
0.193 0.027
0.193 0.021
0.227 0.021
0.227 0.021
0.227 0.022
0.227 0.025
0.227 0.031
0.265 0.031
0.265 0.028
0.265 0.026
0.265 0.016
0.185 0.015
0.185 0.016
0.185 0.023
0.211 0.026
0.211 0.026
0.211 0.026
0.211 0.029
0.197 0.033
0.197 0.037
0.197 0.039
0.197 0.035
0.134 0.019
0.134 0.014
0.134 0.017
0.134 0.016
0.141 0.023
0.141 0.028
0.141 0.028
0.141 0.028
0.141 0.028
0.103 0.033
0.103 0.033
0.103 0.027
0.103 0.023
0.103 0.026
0.127 0.023
0.127 0.023
0.127 0.023
0.127 0.021
0.114 0.017
0.114 0.019
0.114 0.022
0.114 0.032
0.082 0.023
0.082 0.017
0.082 0.019
0.082 0.016
0.145 0.017
0.145 0.019
0.145 0.019
0.145 0.020
0.145 0.022
0.127 0.027
0.127 0.025
0.127 0.022
0.127 0.022
0.081 0.026
0.081 0.029
0.081 0.033
0.081 0.034
0.058 0.032
0.058 0.032
0.058 0.028
0.058 0.028
0.115 0.026
0.115 0.021
0.115 0.020
0.115 0.016
0.116 0.029
0.116 0.029
0.116 0.032
0.116 0.034
0.041 0.031
0.041 0.027
0.041 0.027
0.041 0.028
0.124 0.023
0.124 0.026
0.124 0.028
0.124 0.028
0.068 0.028
0.068 0.028
0.068 0.028
0.068 0.027
0.016 0.029
0.016 0.035
0.016 0.039
0.016 0.035
0.029 0.029
0.029 0.028
0.029 0.031
0.029 0.031
0.029 0.027
-0.045 0.029
-0.045 0.023
-0.045 0.025
-0.045 0.025
-0.027 0.027
-0.027 0.031
-0.027 0.028
-0.027 0.033
-0.013 0.022
-0.013 0.016
-0.013 0.016
-0.013 0.016
-0.013 0.022
0.052 0.023
0.052 0.023
0.052 0.023
0.052 0.020
0.078 0.021
0.078 0.021
0.078 0.017
0.078 0.017
0.078 0.021
0.163 0.023
0.163 0.020
0.163 0.017
0.163 0.016
0.162 0.022
0.162 0.017
0.162 0.020
0.162 0.016
0.129 0.022
0.129 0.027
0.129 0.032
0.129 0.031
0.126 0.031
0.126 0.029
0.126 0.029
0.126 0.025
0.122 0.028
0.122 0.025
0.122 0.025
0.099 0.019
0.099 0.025
0.099 0.026
0.099 0.026
0.158 0.026
0.158 0.027
0.158 0.027
0.158 0.027
0.158 0.026
0.213 0.023
0.213 0.021
0.213 0.025
0.213 0.021
0.168 0.017
0.168 0.015
0.168 0.021
0.168 0.025
0.166 0.032
0.166 0.027
0.166 0.025
0.166 0.025
0.166 0.026
0.166 0.027
0.163 0.021
0.163 0.022
0.163 0.028
0.163 0.026
0.184 0.028
0.184 0.028
0.184 0.028
0.184 0.022
0.286 0.020
0.286 0.014
0.286 0.016
0.286 0.010
0.297 0.004
0.297 0.003
0.297 0.003
0.297 -0.001
0.251 -0.008
0.251 0.004
0.251 0.004
0.251 0.009
0.251 0.011
0.217 0.017
0.217 0.023
0.217 0.020
0.217 0.011
0.224 0.009
0.224 0.017
0.224 0.020
0.224 0.022
0.176 0.034
0.176 0.035
0.176 0.038
0.176 0.040
0.176 0.040
0.192 0.037
0.192 0.038
0.192 0.037
0.192 0.037
0.217 0.033
0.217 0.033
0.217 0.033
0.217 0.035
0.267 0.033
0.267 0.029
0.267 0.034
0.267 0.034
0.267 0.034
0.166 0.034
0.166 0.031
0.166 0.031
0.166 0.027
0.174 0.027
0.174 0.031
0.174 0.033
0.174 0.029
0.158 0.026
0.158 0.029
0.158 0.029
0.158 0.028
0.158 0.032
0.169 0.032
0.169 0.032
0.169 0.033
0.169 0.031
0.157 0.038
0.157 0.032
0.157 0.027
0.157 0.029
0.169 0.026
0.169 0.027
0.169 0.023
0.169 0.016
0.100 0.013
0.100 0.013
0.100 0.010
0.100 0.013
0.100 0.011
0.040 0.011
0.040 0.013
0.040 0.021
0.040 0.021
0.006 0.017
0.006 0.023
0.006 0.025
0.006 0.025
0.006 0.028
0.033 0.031
0.033 0.025
0.033 0.022
0.033 0.020
0.107 0.014
0.107 0.017
0.107 0.017
0.107 0.017
0.066 0.021
0.066 0.023
0.066 0.033
0.066 0.032
0.058 0.031
0.058 0.035
0.058 0.035
0.058 0.039
0.058 0.041
0.083 0.038
0.083 0.039
0.083 0.035
0.083 0.041
0.026 0.038
0.026 0.041
0.026 0.044
0.026 0.042
0.081 0.045
0.081 0.037
0.081 0.033
0.081 0.031
0.081 0.027
0.057 0.019
0.057 0.022
0.057 0.021
0.057 0.020
0.115 0.020
0.115 0.026
0.115 0.032
0.115 0.028
0.148 0.025
0.148 0.038
0.148 0.040
0.148 0.040
0.153 0.033
0.153 0.031
0.153 0.029
0.153 0.034
0.143 0.027
0.143 0.026
0.143 0.027
0.143 0.029
0.136 0.028
0.136 0.028
0.136 0.031
0.136 0.026
0.046 0.031
0.046 0.033
0.046 0.033
0.046 0.034
0.129 0.032
0.129 0.032
0.129 0.031
0.129 0.031
0.147 0.025
0.147 0.025
0.147 0.026
0.147 0.029
0.161 0.027
0.161 0.023
0.161 0.022
0.161 0.023
0.213 0.017
0.213 0.021
0.213 0.022
0.213 0.023
0.147 0.026
0.147 0.033
0.147 0.032
0.147 0.031
0.117 0.032
0.117 0.032
0.117 0.029
0.117 0.028
0.117 0.034
0.180 0.033
0.180 0.041
0.180 0.041
0.180 0.044
0.175 0.041
0.175 0.035
0.175 0.032
0.175 0.028
0.170 0.029
0.170 0.032
0.170 0.032
0.170 0.029
0.178 0.034
0.178 0.026
0.178 0.028
0.178 0.027
0.195 0.034
0.195 0.037
0.195 0.038
0.195 0.035
0.207 0.042
0.207 0.045
0.207 0.045
0.207 0.045
0.207 0.039
0.131 0.034
0.131 0.031
0.131 0.027
0.131 0.033
0.149 0.032
0.149 0.027
0.149 0.025
0.149 0.023
0.151 0.022
0.151 0.025
0.151 0.022
0.151 0.023
0.151 0.031
0.154 0.025
0.154 0.025
0.154 0.028
0.154 0.026
0.113 0.031
0.113 0.027
0.113 0.027
0.113 0.027
0.113 0.032
0.123 0.029
0.123 0.025
0.123 0.025
0.123 0.027
0.132 0.017
0.132 0.019
0.132 0.022
0.132 0.029
0.129 0.027
0.129 0.026
0.129 0.027
0.148 0.037
0.148 0.037
0.148 0.031
0.148 0.029
0.160 0.031
0.160 0.032
0.160 0.032
0.160 0.035
0.160 0.040
0.170 0.040
0.170 0.040
0.170 0.035
0.170 0.040
0.189 0.038
0.189 0.038
0.189 0.039
0.189 0.033
0.224 0.034
0.224 0.026
0.224 0.023
0.224 0.021
0.195 0.023
0.195 0.026
0.195 0.029
0.195 0.025
0.239 0.025
0.239 0.029
0.239 0.031
0.239 0.029
0.241 0.032
0.241 0.033
0.241 0.034
0.241 0.038
0.220 0.037
0.220 0.033
0.220 0.035
0.220 0.039
0.195 0.038
0.195 0.035
0.195 0.035
0.195 0.039
0.195 0.039
0.185 0.039
0.185 0.045
0.185 0.038
0.185 0.038
0.168 0.037
0.168 0.035
0.168 0.035
0.168 0.032
0.187 0.034
0.187 0.033
0.187 0.031
0.187 0.031
0.211 0.035
0.211 0.033
0.211 0.031
0.211 0.027
0.198 0.029
0.198 0.029
0.198 0.029
0.198 0.029
0.251 0.035
0.251 0.031
0.251 0.029
0.251 0.035
0.218 0.039
0.218 0.040
0.218 0.042
0.218 0.039
0.182 0.041
0.182 0.031
0.182 0.027
0.182 0.027
0.182 0.027
0.176 0.028
0.176 0.025
0.176 0.022
0.176 0.025
0.139 0.023
0.139 0.025
0.139 0.028
0.139 0.025
0.059 0.021
0.059 0.022
0.059 0.026
0.059 0.023
0.062 0.016
0.062 0.016
0.062 0.017
0.062 0.016
0.033 0.019
0.033 0.020
0.033 0.023
0.033 0.022
0.032 0.025
0.032 0.028
0.032 0.028
0.032 0.026
0.031 0.026
0.031 0.020
0.031 0.022
0.031 0.021
0.031 0.023
0.063 0.029
0.063 0.028
0.063 0.028
0.063 0.033
0.063 0.037
0.129 0.037
0.129 0.038
0.129 0.035
0.129 0.032
0.104 0.032
0.104 0.034
0.104 0.033
0.104 0.033
0.139 0.039
0.139 0.033
0.139 0.027
0.139 0.029
0.123 0.033
0.123 0.034
0.123 0.028
0.121 0.034
0.121 0.034
0.121 0.035
0.121 0.034
0.121 0.029
0.152 0.032
0.152 0.034
0.152 0.034
0.152 0.033
0.133 0.029
0.133 0.022
0.133 0.016
0.133 0.017
0.160 0.026
0.160 0.025
0.160 0.029
0.160 0.021
0.148 0.023
0.148 0.028
0.148 0.028
0.148 0.026
0.194 0.016
0.194 0.019
0.194 0.019
0.194 0.016
0.141 0.007
0.141 0.008
0.141 0.013
0.141 0.015
0.113 0.016
0.113 0.020
0.113 0.016
0.113 0.022
0.156 0.029
0.156 0.034
0.156 0.034
0.156 0.037
0.081 0.032
0.081 0.033
0.081 0.032
0.081 0.032
0.111 0.038
0.111 0.034
0.111 0.033
0.111 0.038
0.111 0.038
0.091 0.037
0.091 0.034
0.091 0.031
0.091 0.029
0.053 0.026
0.053 0.026
0.053 0.029
0.053 0.029
0.090 0.020
0.090 0.022
0.090 0.020
0.090 0.022
0.107 0.031
0.107 0.029
0.107 0.028
0.107 0.028
0.153 0.028
0.153 0.031
0.153 0.035
0.153 0.033
0.067 0.038
0.067 0.037
0.067 0.033
0.067 0.039
0.014 0.031
0.014 0.027
0.014 0.031
0.014 0.031
0.014 0.042
0.039 0.031
0.039 0.029
0.039 0.031
0.039 0.029
0.037 0.037
0.037 0.037
0.037 0.034
0.037 0.032
0.056 0.029
0.056 0.029
0.056 0.032
0.056 0.029
0.056 0.027
0.145 0.031
0.145 0.029
0.145 0.032
0.145 0.025
0.127 0.022
0.127 0.023
0.127 0.022
0.127 0.025
0.135 0.023
0.135 0.023
0.135 0.026
0.135 0.023
0.135 0.025
0.099 0.021
0.099 0.021
0.099 0.022
0.099 0.025
0.037 0.023
0.037 0.023
0.037 0.023
0.037 0.027
0.037 0.025
0.066 0.027
0.066 0.029
0.066 0.029
0.066 0.031
0.067 0.032
0.067 0.032
0.067 0.032
0.067 0.028
0.067 0.031
0.059 0.027
0.059 0.027
0.059 0.028
0.059 0.033
0.114 0.039
0.114 0.040
0.114 0.038
0.114 0.035
0.114 0.033
0.114 0.034
0.114 0.037
0.114 0.033
0.114 0.028
0.114 0.028
0.114 0.023
0.093 0.031
0.093 0.027
0.093 0.026
0.093 0.023
0.002 0.029
0.002 0.033
0.002 0.032
0.002 0.032
0.062 0.034
0.062 0.034
0.062 0.035
0.062 0.038
0.062 0.035
0.052 0.045
0.052 0.042
0.052 0.044
0.052 0.042
0.090 0.041
0.090 0.038
0.090 0.038
0.090 0.042
0.075 0.041
0.075 0.035
0.075 0.028
0.075 0.026
0.075 0.027
0.097 0.027
0.097 0.027
0.097 0.021
0.097 0.019
0.097 0.026
-0.018 0.025
-0.018 0.027
-0.018 0.027
-0.018 0.032
0.014 0.035
0.014 0.029
0.014 0.028
0.014 0.031
0.014 0.031
-0.014 0.025
-0.014 0.029
-0.014 0.022
-0.014 0.027
0.040 0.029
0.040 0.026
0.040 0.016
0.040 0.019
0.038 0.023
0.038 0.020
0.038 0.023
0.038 0.023
0.038 0.026
0.089 0.025
0.089 0.026
0.089 0.029
0.089 0.032
0.085 0.028
0.085 0.029
0.085 0.033
0.085 0.035
0.081 0.028
0.081 0.032
0.081 0.034
0.081 0.032
0.079 0.033
0.079 0.033
0.079 0.033
0.079 0.033
0.079 0.029
0.046 0.025
0.046 0.022
0.046 0.020
0.046 0.021
0.095 0.033
0.095 0.035
0.095 0.028
0.095 0.032
0.154 0.032
0.154 0.026
0.154 0.026
0.154 0.025
0.134 0.025
0.134 0.021
0.134 0.025
0.134 0.026
0.149 0.023
0.149 0.025
0.149 0.020
0.149 0.023
0.075 0.022
0.075 0.023
0.075 0.022
0.075 0.021
0.094 0.029
0.094 0.032
0.094 0.032
0.094 0.035
0.121 0.034
0.121 0.032
0.121 0.031
0.121 0.034
0.175 0.027
0.175 0.025
0.175 0.023
0.175 0.020
0.052 0.016
0.052 0.019
0.052 0.017
0.052 0.019
0.052 0.022
0.078 0.020
0.078 0.015
0.078 0.017
0.078 0.020
0.107 0.025
0.107 0.022
0.107 0.020
0.107 0.020
0.153 0.026
0.153 0.028
0.153 0.028
0.153 0.027
0.196 0.023
0.196 0.023
0.196 0.021
0.196 0.020
0.196 0.020
0.166 0.029
0.166 0.033
0.166 0.034
0.166 0.037
0.141 0.039
0.141 0.037
0.141 0.034
0.141 0.027
0.146 0.022
0.146 0.017
0.146 0.015
0.146 0.009
0.160 0.008
0.160 0.004
0.160 0.008
0.160 0.008
0.160 0.005
0.094 0.009
0.094 0.011
0.094 0.013
0.094 0.021
0.141 0.027
0.141 0.027
0.141 0.027
0.141 0.026
0.125 0.028
0.125 0.031
0.125 0.035
0.125 0.033
0.125 0.028
0.079 0.023
0.079 0.023
0.079 0.021
0.079 0.021
0.079 0.022
0.066 0.025
0.066 0.028
0.066 0.021
0.066 0.021
0.069 0.023
0.069 0.019
0.069 0.021
0.069 0.028
0.102 0.033
0.102 0.033
0.102 0.037
0.102 0.034
0.137 0.035
0.137 0.034
0.137 0.033
0.137 0.037
0.142 0.034
0.142 0.032
0.142 0.032
0.142 0.031
0.177 0.040
0.177 0.045
0.177 0.039
0.177 0.038
0.120 0.038
0.120 0.037
0.120 0.035
0.120 0.037
0.120 0.037
0.020 0.031
0.020 0.026
0.020 0.023
0.020 0.021
0.043 0.029
0.043 0.029
0.043 0.031
0.043 0.032
0.147 0.041
0.147 0.040
0.147 0.034
0.147 0.033
0.095 0.038
0.095 0.034
0.095 0.038
0.095 0.038
0.058 0.042
0.058 0.046
0.058 0.037
0.058 0.031
0.104 0.029
0.104 0.028
0.104 0.023
0.104 0.026
0.182 0.029
0.182 0.032
0.182 0.033
0.182 0.028
0.251 0.028
0.251 0.022
0.251 0.021
0.251 0.025
0.184 0.022
0.184 0.021
0.184 0.022
0.184 0.026
0.199 0.028
0.199 0.032
0.199 0.034
0.199 0.038
0.199 0.041
0.242 0.041
0.242 0.040
0.242 0.039
0.242 0.034
0.199 0.033
0.199 0.034
0.199 0.040
0.199 0.040
0.199 0.038
0.189 0.031
0.189 0.031
0.189 0.035
0.189 0.029
0.189 0.023
0.224 0.027
0.224 0.025
0.224 0.028
0.224 0.031
0.186 0.031
0.186 0.032
0.186 0.027
0.265 0.035
0.265 0.038
0.265 0.034
0.265 0.037
0.238 0.039
0.238 0.042
0.238 0.039
0.238 0.040
0.164 0.034
0.164 0.033
0.164 0.033
0.164 0.028
0.164 0.023
0.205 0.017
0.205 0.016
0.205 0.009
0.205 0.007
0.247 0.007
0.247 0.009
0.247 0.009
0.247 0.016
0.170 0.026
0.170 0.027
0.170 0.026
0.170 0.033
0.167 0.027
0.167 0.026
0.167 0.026
0.167 0.031
0.143 0.033
0.143 0.029
0.143 0.028
0.143 0.031
0.169 0.039
0.169 0.039
0.169 0.037
0.169 0.037
0.169 0.035
0.155 0.037
0.155 0.040
0.155 0.046
0.155 0.042
0.144 0.045
0.144 0.045
0.144 0.044
0.144 0.044
0.144 0.044
0.136 0.045
0.136 0.050
0.136 0.050
0.136 0.048
0.136 0.048
0.054 0.047
0.054 0.047
0.054 0.044
0.054 0.044
0.100 0.039
0.100 0.041
0.100 0.037
0.100 0.034
0.062 0.028
0.062 0.023
0.062 0.026
0.062 0.023
0.053 0.022
0.053 0.020
0.053 0.016
0.053 0.014
0.102 0.014
0.102 0.020
0.102 0.017
0.102 0.019
0.093 0.023
0.093 0.022
0.093 0.025
0.093 0.022
0.131 0.022
0.131 0.021
0.131 0.021
0.131 0.025
0.191 0.031
0.191 0.028
0.191 0.025
0.191 0.027
0.204 0.031
0.204 0.032
0.204 0.033
0.204 0.035
0.203 0.029
0.203 0.029
0.203 0.025
0.203 0.027
0.203 0.028
0.159 0.028
0.159 0.029
0.159 0.026
0.159 0.026
0.158 0.032
0.158 0.027
0.158 0.032
0.158 0.034
0.158 0.040
0.158 0.039
0.158 0.035
0.158 0.034
0.223 0.031
0.223 0.034
0.223 0.031
0.223 0.031
0.141 0.020
0.141 0.019
0.141 0.016
0.141 0.015
0.123 0.017
0.123 0.017
0.123 0.019
0.123 0.017
0.123 0.019
0.121 0.016
0.121 0.015
0.121 0.021
0.121 0.023
0.183 0.025
0.183 0.031
0.183 0.028
0.144 0.025
0.144 0.019
0.144 0.017
0.144 0.015
0.144 0.015
0.144 0.019
0.158 0.022
0.158 0.023
0.158 0.025
0.158 0.023
0.147 0.021
0.147 0.026
0.147 0.027
0.147 0.026
0.127 0.025
0.127 0.032
0.127 0.034
0.127 0.034
0.127 0.029
0.079 0.032
0.079 0.032
0.079 0.032
0.079 0.035
0.079 0.029
0.110 0.034
0.110 0.033
0.110 0.032
0.110 0.026
0.068 0.023
0.068 0.027
0.068 0.025
0.068 0.022
0.100 0.026
0.100 0.016
0.100 0.020
0.100 0.026
0.072 0.027
0.072 0.034
0.072 0.041
0.072 0.040
0.126 0.038
0.126 0.038
0.126 0.033
0.126 0.026
0.176 0.033
0.176 0.034
0.176 0.034
0.176 0.033
0.107 0.028
0.107 0.028
0.107 0.028
0.107 0.028
0.087 0.033
0.087 0.037
0.087 0.037
0.087 0.044
0.072 0.045
0.072 0.045
0.072 0.047
0.072 0.044
0.125 0.042
0.125 0.042
0.125 0.038
0.125 0.035
0.133 0.031
0.133 0.031
0.133 0.028
0.133 0.029
0.095 0.026
0.095 0.028
0.095 0.029
0.095 0.020
0.095 0.021
0.099 0.026
0.099 0.032
0.099 0.034
0.099 0.038
0.125 0.039
0.125 0.039
0.125 0.047
0.125 0.052
0.111 0.045
0.111 0.041
0.111 0.038
0.111 0.038
0.080 0.038
0.080 0.038
0.080 0.037
0.080 0.037
0.065 0.034
0.065 0.039
0.065 0.045
0.065 0.044
0.045 0.034
0.045 0.032
0.045 0.032
0.045 0.031
-0.014 0.039
-0.014 0.046
-0.014 0.045
-0.014 0.039
0.051 0.035
0.051 0.040
0.051 0.034
0.051 0.039
0.097 0.035
0.097 0.031
0.097 0.034
0.097 0.038
0.038 0.035
0.038 0.037
0.038 0.034
0.038 0.033
0.068 0.031
0.068 0.028
0.068 0.032
0.154 0.020
0.154 0.015
0.154 0.015
0.154 0.010
0.101 0.008
0.101 0.014
0.101 0.011
0.101 0.013
0.082 0.016
0.082 0.023
0.082 0.023
0.082 0.023
0.134 0.017
0.134 0.019
0.134 0.017
0.134 0.017
0.108 0.021
0.108 0.019
0.108 0.021
0.108 0.031
0.087 0.033
0.087 0.031
0.087 0.029
0.087 0.031
0.061 0.025
0.061 0.022
0.061 0.022
0.061 0.027
0.107 0.028
0.107 0.021
0.107 0.021
0.107 0.017
0.074 0.017
0.074 0.023
0.074 0.026
0.074 0.023
0.129 0.019
0.129 0.025
0.129 0.028
0.129 0.022
0.129 0.022
0.114 0.031
0.114 0.031
0.114 0.026
0.114 0.023
0.157 0.033
0.157 0.028
0.157 0.028
0.157 0.028
0.223 0.021
0.223 0.027
0.223 0.031
0.223 0.031
0.223 0.027
0.238 0.026
0.238 0.027
0.238 0.027
0.238 0.032
0.217 0.029
0.217 0.029
0.217 0.028
0.217 0.021
0.191 0.022
0.191 0.023
0.191 0.023
0.191 0.028
0.191 0.028
0.216 0.033
0.216 0.027
0.216 0.028
0.216 0.028
0.201 0.032
0.201 0.034
0.201 0.034
0.201 0.031
0.210 0.022
0.210 0.023
0.210 0.022
0.210 0.029
0.176 0.028
0.176 0.027
0.176 0.035
0.176 0.033
0.193 0.025
0.193 0.023
0.193 0.019
0.193 0.020
0.216 0.027
0.216 0.027
0.216 0.028
0.216 0.028
0.216 0.031
0.158 0.040
0.158 0.038
0.158 0.040
0.158 0.037
0.189 0.035
0.189 0.034
0.189 0.033
0.189 0.032
0.148 0.035
0.148 0.035
0.148 0.037
0.148 0.039
0.172 0.038
0.172 0.033
0.172 0.031
0.172 0.032
0.222 0.037
0.222 0.037
0.222 0.027
0.222 0.034
0.222 0.038
0.258 0.038
0.258 0.040
0.258 0.039
0.258 0.033
0.245 0.042
0.245 0.040
0.245 0.037
0.245 0.034
0.222 0.027
0.222 0.029
0.222 0.029
0.222 0.031
0.151 0.033
0.151 0.029
0.151 0.028
0.151 0.031
0.175 0.032
0.175 0.029
0.175 0.023
0.175 0.025
0.181 0.025
0.181 0.031
0.181 0.031
0.181 0.035
0.181 0.034
0.196 0.032
0.196 0.027
0.196 0.028
0.196 0.026
0.154 0.028
0.154 0.033
0.154 0.034
0.154 0.032
0.185 0.027
0.185 0.027
0.185 0.025
0.185 0.021
0.231 0.028
0.231 0.026
0.231 0.028
0.231 0.031
0.213 0.026
0.213 0.026
0.213 0.028
0.213 0.031
0.197 0.032
0.197 0.031
0.197 0.033
0.197 0.035
0.221 0.039
0.221 0.038
0.221 0.037
0.221 0.038
0.279 0.044
0.279 0.042
0.279 0.041
0.279 0.041
0.279 0.041
0.248 0.038
0.248 0.037
0.248 0.034
0.248 0.032
0.224 0.031
0.224 0.035
0.224 0.040
0.224 0.038
0.208 0.034
0.208 0.029
0.208 0.028
0.208 0.028
0.208 0.029
0.162 0.031
0.162 0.029
0.162 0.027
0.162 0.023
0.161 0.021
0.161 0.028
0.161 0.029
0.161 0.034
0.182 0.029
0.182 0.032
0.182 0.032
0.182 0.035
0.182 0.032
0.121 0.029
0.121 0.032
0.121 0.033
0.121 0.035
0.107 0.033
0.107 0.034
0.107 0.035
0.107 0.023
0.120 0.022
0.120 0.026
0.120 0.028
0.120 0.028
-0.000 0.019
-0.000 0.023
-0.000 0.025
-0.000 0.025
0.038 0.020
0.038 0.022
0.038 0.028
0.038 0.027
0.038 0.027
0.057 0.027
0.057 0.028
0.057 0.028
0.057 0.028
0.168 0.034
0.168 0.034
0.168 0.034
0.168 0.042
0.168 0.044
0.175 0.040
0.175 0.040
0.175 0.037
0.175 0.035
0.192 0.037
0.192 0.034
0.192 0.032
0.192 0.028
0.259 0.034
0.259 0.040
0.259 0.044
0.259 0.044
0.222 0.042
0.222 0.042
0.222 0.041
0.222 0.037
0.222 0.039
0.215 0.029
0.215 0.029
0.215 0.023
0.215 0.022
0.245 0.029
0.245 0.025
0.245 0.025
0.210 0.025
0.210 0.021
0.210 0.022
0.210 0.019
0.218 0.021
0.218 0.017
0.218 0.014
0.218 0.011
0.225 0.017
0.225 0.026
0.225 0.033
0.225 0.029
0.218 0.029
0.218 0.027
0.218 0.029
0.218 0.028
0.224 0.029
0.224 0.029
0.224 0.029
0.224 0.028
0.224 0.031
0.293 0.026
0.293 0.031
0.293 0.034
0.293 0.035
0.195 0.033
0.195 0.031
0.195 0.027
0.195 0.029
0.195 0.029
0.196 0.027
0.196 0.026
0.196 0.027
0.196 0.028
0.218 0.028
0.218 0.028
0.218 0.025
0.218 0.027
0.218 0.023
0.246 0.028
0.246 0.021
0.246 0.014
0.246 0.014
0.246 0.021
0.201 0.022
0.201 0.020
0.201 0.027
0.201 0.027
0.245 0.022
0.245 0.021
0.245 0.020
0.245 0.025
0.245 0.025
0.210 0.032
0.210 0.034
0.210 0.037
0.210 0.038
0.217 0.037
0.217 0.033
0.217 0.033
0.217 0.035
0.254 0.031
0.254 0.029
0.254 0.028
0.254 0.028
0.254 0.031
0.196 0.037
0.196 0.033
0.196 0.028
0.196 0.028
0.283 0.026
0.283 0.027
0.283 0.026
0.283 0.029
0.305 0.026
0.305 0.026
0.305 0.025
0.305 0.025
0.305 0.025
0.305 0.023
0.322 0.029
0.322 0.028
0.322 0.028
0.322 0.032
0.312 0.033
0.312 0.033
0.312 0.038
0.312 0.035
0.272 0.031
0.272 0.028
0.272 0.037
0.272 0.039
0.232 0.035
0.232 0.035
0.232 0.033
0.232 0.032
0.212 0.029
0.212 0.031
0.212 0.029
0.212 0.028
0.166 0.027
0.166 0.029
0.166 0.033
0.166 0.031
0.166 0.035
0.141 0.032
0.141 0.034
0.141 0.027
0.141 0.032
0.145 0.033
0.145 0.035
0.145 0.037
0.145 0.034
0.138 0.037
0.138 0.038
0.138 0.037
0.138 0.038
0.131 0.033
0.131 0.031
0.131 0.029
0.131 0.035
0.169 0.039
0.169 0.031
0.169 0.026
0.169 0.026
0.145 0.035
0.145 0.041
0.145 0.041
0.145 0.040
0.137 0.045
0.137 0.047
0.137 0.046
0.137 0.040
0.099 0.041
0.099 0.044
0.099 0.038
0.099 0.031
0.155 0.029
0.155 0.037
0.155 0.037
0.155 0.035
0.168 0.039
0.168 0.029
0.168 0.028
0.168 0.033
0.196 0.034
0.196 0.037
0.196 0.035
0.196 0.029
0.196 0.034
0.196 0.035
0.196 0.039
0.196 0.041
0.239 0.045
0.239 0.042
0.239 0.040
0.239 0.041
0.155 0.044
0.155 0.045
0.155 0.044
0.155 0.041
0.155 0.034
0.155 0.034
0.155 0.035
0.155 0.038
0.155 0.038
0.155 0.031
0.155 0.029
0.155 0.031
0.145 0.021
0.145 0.010
0.145 0.011
0.145 0.011
0.145 0.010
0.135 0.011
0.135 0.011
0.135 0.014
0.135 0.013
0.108 0.021
0.108 0.025
0.108 0.023
0.108 0.028
0.108 0.028
0.055 0.034
0.055 0.035
0.055 0.035
0.055 0.037
0.055 0.032
0.113 0.026
0.113 0.032
0.113 0.034
0.113 0.039
0.113 0.037
0.113 0.037
0.113 0.034
0.113 0.034
0.113 0.029
0.134 0.023
0.134 0.026
0.134 0.021
0.134 0.025
0.214 0.023
0.214 0.023
0.214 0.026
0.214 0.027
0.167 0.027
0.167 0.027
0.167 0.032
0.167 0.034
0.282 0.035
0.282 0.039
0.282 0.035
0.282 0.041
0.218 0.041
0.218 0.042
0.218 0.037
0.218 0.029
0.169 0.032
0.169 0.031
0.169 0.028
0.169 0.026
0.199 0.025
0.199 0.025
0.199 0.023
0.199 0.019
0.134 0.026
0.134 0.023
0.134 0.021
0.134 0.021
0.160 0.020
0.160 0.026
0.160 0.032
0.160 0.028
0.160 0.025
0.126 0.031
0.126 0.037
0.126 0.040
0.126 0.040
0.133 0.029
0.133 0.029
0.133 0.028
0.133 0.028
0.072 0.023
0.072 0.027
0.072 0.023
0.072 0.023
0.072 0.027
0.072 0.027
0.103 0.026
0.103 0.031
0.103 0.032
0.137 0.028
0.137 0.032
0.137 0.034
0.137 0.034
0.130 0.031
0.130 0.031
0.130 0.033
0.130 0.035
0.148 0.035
0.148 0.033
0.148 0.034
0.148 0.037
0.127 0.033
0.127 0.033
0.127 0.032
0.127 0.037
0.127 0.035
0.199 0.035
0.199 0.033
0.199 0.032
0.199 0.032
0.243 0.034
0.243 0.035
0.243 0.032
0.243 0.029
0.253 0.028
0.253 0.027
0.253 0.027
0.253 0.033
0.253 0.037
0.217 0.035
0.217 0.034
0.217 0.032
0.217 0.037
0.267 0.034
0.267 0.031
0.267 0.026
0.267 0.026
0.250 0.033
0.250 0.034
0.250 0.029
0.250 0.033
0.250 0.033
0.205 0.037
0.205 0.029
0.205 0.028
0.205 0.034
0.183 0.029
0.183 0.023
0.183 0.017
0.183 0.011
0.132 0.014
0.132 0.016
0.132 0.023
0.132 0.023
0.132 0.025
0.213 0.025
0.213 0.029
0.213 0.037
0.213 0.028
0.133 0.025
0.133 0.026
0.133 0.027
0.133 0.023
0.107 0.016
0.107 0.020
0.107 0.020
0.107 0.019
0.107 0.023
0.171 0.021
0.171 0.017
0.171 0.015
0.171 0.014
0.231 0.010
0.231 0.013
0.231 0.010
0.231 0.007
0.245 0.017
0.245 0.025
0.245 0.025
0.245 0.031
0.167 0.033
0.167 0.037
0.167 0.039
0.167 0.040
0.259 0.048
0.259 0.050
0.259 0.047
0.259 0.045
0.256 0.046
0.256 0.044
0.256 0.040
0.256 0.039
0.230 0.039
0.230 0.041
0.230 0.037
0.230 0.035
0.134 0.038
0.134 0.034
0.134 0.034
0.134 0.029
0.118 0.031
0.118 0.034
0.118 0.034
0.118 0.039
0.192 0.038
0.192 0.037
0.192 0.032
0.192 0.035
0.192 0.037
0.138 0.044
0.138 0.042
0.138 0.042
0.138 0.044
0.130 0.046
0.130 0.046
0.130 0.045
0.130 0.042
0.130 0.041
0.136 0.045
0.136 0.045
0.136 0.038
0.136 0.028
0.151 0.029
0.151 0.026
0.151 0.027
0.174 0.034
0.174 0.034
0.174 0.038
0.174 0.035
0.174 0.035
0.174 0.037
0.212 0.033
0.212 0.033
0.212 0.029
0.212 0.028
0.186 0.034
0.186 0.031
0.186 0.028
0.186 0.023
0.243 0.034
0.243 0.037
0.243 0.039
0.243 0.040
0.253 0.040
0.253 0.040
0.253 0.045
0.253 0.045
0.253 0.047
0.259 0.052
0.259 0.047
0.259 0.048
0.259 0.039
0.190 0.042
0.190 0.040
0.190 0.035
0.190 0.037
0.224 0.041
0.224 0.041
0.224 0.037
0.224 0.033
0.281 0.027
0.281 0.031
0.281 0.032
0.281 0.038
0.229 0.034
0.229 0.041
0.229 0.041
0.229 0.035
0.242 0.031
0.242 0.023
0.242 0.027
0.242 0.034
0.242 0.034
0.210 0.033
0.210 0.033
0.210 0.035
0.210 0.038
0.250 0.029
0.250 0.032
0.250 0.035
0.250 0.037
0.192 0.038
0.192 0.040
0.192 0.038
0.192 0.035
0.227 0.026
0.227 0.029
0.227 0.026
0.227 0.028
0.165 0.031
0.165 0.032
0.165 0.031
0.165 0.038
0.165 0.038
0.152 0.039
0.152 0.040
0.152 0.042
0.152 0.040
0.109 0.026
0.109 0.031
0.109 0.034
0.109 0.032
0.142 0.029
0.142 0.031
0.142 0.029
0.142 0.028
0.210 0.037
0.210 0.037
0.210 0.035
0.210 0.037
0.196 0.038
0.196 0.039
0.196 0.032
0.196 0.028
0.229 0.028
0.229 0.029
0.229 0.025
0.229 0.025
0.229 0.026
0.229 0.026
0.231 0.034
0.231 0.033
0.231 0.029
0.231 0.027
0.254 0.023
0.254 0.023
0.254 0.025
0.254 0.029
0.254 0.028
0.196 0.020
0.196 0.019
0.196 0.016
0.196 0.013
0.218 0.016
0.218 0.015
0.218 0.014
0.218 0.014
0.212 0.013
0.212 0.013
0.212 0.016
0.212 0.016
0.212 0.017
0.212 0.017
0.144 0.025
0.144 0.023
0.144 0.027
0.144 0.023
0.200 0.031
0.200 0.026
0.200 0.027
0.200 0.026
0.200 0.028
0.200 0.028
0.200 0.028
0.177 0.035
0.177 0.035
0.177 0.037
0.177 0.038
0.149 0.040
0.149 0.028
0.149 0.026
0.149 0.026
0.149 0.028
0.128 0.019
0.128 0.020
0.128 0.022
0.128 0.025
0.178 0.026
0.178 0.021
0.178 0.019
0.178 0.025
0.172 0.025
0.172 0.032
0.172 0.034
0.172 0.035
0.101 0.039
0.101 0.045
0.101 0.042
0.101 0.045
0.072 0.035
0.072 0.029
0.072 0.027
0.072 0.028
0.148 0.027
0.148 0.033
0.148 0.037
0.148 0.038
0.148 0.038
0.062 0.037
0.062 0.037
0.062 0.037
0.062 0.032
0.062 0.027
0.097 0.029
0.097 0.035
0.097 0.038
0.097 0.037
0.097 0.032
0.089 0.022
0.089 0.026
0.089 0.026
0.089 0.026
0.041 0.033
0.041 0.029
0.041 0.028
0.041 0.033
-0.051 0.035
-0.051 0.037
-0.051 0.037
-0.051 0.042
-0.051 0.042
-0.001 0.050
-0.001 0.050
-0.001 0.040
-0.001 0.041
-0.001 0.034
-0.001 0.035
-0.001 0.039
-0.001 0.034
0.101 0.028
0.101 0.029
0.101 0.029
0.101 0.031
0.105 0.023
0.105 0.026
0.105 0.027
0.105 0.026
0.105 0.026
0.137 0.034
0.137 0.038
0.137 0.035
0.137 0.039
0.121 0.042
0.121 0.041
0.121 0.041
0.121 0.035
0.118 0.041
0.118 0.039
0.118 0.037
0.118 0.034
0.084 0.039
0.084 0.033
0.084 0.029
0.084 0.033
0.123 0.029
0.123 0.019
0.123 0.020
0.123 0.021
0.066 0.025
0.066 0.026
0.066 0.026
0.066 0.032
0.066 0.039
-0.020 0.038
-0.020 0.037
-0.020 0.028
-0.020 0.026
0.003 0.026
0.003 0.021
0.003 0.020
0.003 0.019
0.051 0.009
0.051 0.010
0.051 0.015
0.051 0.017
0.066 0.017
0.066 0.020
0.066 0.014
0.066 0.010
0.100 0.014
0.100 0.017
0.100 0.019
0.100 0.021
0.059 0.026
0.059 0.027
0.059 0.029
0.059 0.031
0.126 0.019
0.126 0.017
0.126 0.017
0.187 0.016
0.187 0.019
0.187 0.019
0.187 0.023
0.148 0.031
0.148 0.026
0.148 0.027
0.148 0.034
0.138 0.035
0.138 0.044
0.138 0.047
0.138 0.047
0.133 0.044
0.133 0.039
0.133 0.034
0.133 0.031
0.139 0.034
0.139 0.035
0.139 0.037
0.139 0.040
0.174 0.041
0.174 0.046
0.174 0.040
0.174 0.040
0.174 0.033
0.174 0.029
0.147 0.033
0.147 0.031
0.147 0.031
0.147 0.025
0.159 0.029
0.159 0.031
0.159 0.027
0.159 0.028
0.125 0.025
0.125 0.028
0.125 0.022
0.125 0.023
0.142 0.029
0.142 0.029
0.142 0.028
0.142 0.026
0.114 0.025
0.114 0.035
0.114 0.037
0.114 0.037
0.100 0.033
0.100 0.031
0.100 0.033
0.100 0.029
0.092 0.033
0.092 0.037
0.092 0.041
0.092 0.040
0.107 0.028
0.107 0.029
0.107 0.029
0.107 0.029
0.107 0.029
0.119 0.021
0.119 0.025
0.119 0.026
0.119 0.031
0.116 0.026
0.116 0.031
0.116 0.033
0.116 0.031
0.169 0.037
0.169 0.034
0.169 0.033
0.169 0.033
0.169 0.033
0.188 0.039
0.188 0.033
0.188 0.026
0.188 0.022
0.179 0.020
0.179 0.028
0.179 0.028
0.179 0.029
0.272 0.026
0.272 0.029
0.272 0.026
0.272 0.031
0.221 0.028
0.221 0.025
0.221 0.032
0.221 0.035
0.221 0.035
0.313 0.035
0.313 0.037
0.313 0.035
0.313 0.037
0.337 0.031
0.337 0.028
0.337 0.025
0.337 0.021
0.226 0.016
0.226 0.019
0.226 0.022
0.226 0.019
0.176 0.027
0.176 0.033
0.176 0.035
0.176 0.035
0.176 0.037
0.159 0.033
0.159 0.031
0.159 0.029
0.159 0.027
0.126 0.031
0.126 0.031
0.126 0.035
0.126 0.038
0.126 0.039
0.176 0.034
0.176 0.038
0.176 0.039
0.176 0.042
0.148 0.037
0.148 0.028
0.148 0.025
0.138 0.019
0.138 0.016
0.138 0.022
0.138 0.022
0.098 0.021
0.098 0.027
0.098 0.027
0.098 0.027
0.098 0.028
0.078 0.029
0.078 0.031
0.078 0.033
0.078 0.019
0.054 0.023
0.054 0.019
0.054 0.020
0.054 0.025
0.133 0.032
0.133 0.028
0.133 0.026
0.133 0.020
0.169 0.015
0.169 0.010
0.169 0.009
0.169 0.013
0.143 0.017
0.143 0.019
0.143 0.020
0.143 0.025
0.167 0.033
0.167 0.028
0.167 0.022
0.167 0.021
0.175 0.020
0.175 0.017
0.175 0.022
0.175 0.026
0.181 0.017
0.181 0.015
0.181 0.017
0.181 0.020
0.120 0.020
0.120 0.017
0.120 0.023
0.120 0.025
0.224 0.021
0.224 0.023
0.224 0.021
0.224 0.023
0.224 0.023
0.228 0.027
0.228 0.022
0.228 0.015
0.228 0.010
0.187 0.008
0.187 0.004
0.187 0.009
0.187 0.010
0.156 0.009
0.156 0.010
0.156 0.015
0.156 0.022
0.145 0.025
0.145 0.023
0.145 0.025
0.145 0.033
0.157 0.028
0.157 0.026
0.157 0.023
0.157 0.023
0.167 0.025
0.167 0.031
0.167 0.028
0.167 0.021
0.195 0.022
0.195 0.029
0.195 0.027
0.195 0.031
0.250 0.031
0.250 0.029
0.250 0.029
0.250 0.034
0.289 0.028
0.289 0.031
0.289 0.031
0.289 0.031
0.289 0.028
0.287 0.037
0.287 0.039
0.287 0.039
0.287 0.035
0.223 0.037
0.223 0.037
0.223 0.035
0.223 0.039
0.194 0.040
0.194 0.039
0.194 0.038
0.194 0.033
0.195 0.031
0.195 0.028
0.195 0.026
0.195 0.025
0.248 0.015
0.248 0.019
0.248 0.017
0.248 0.022
0.257 0.022
0.257 0.021
0.257 0.026
0.257 0.028
0.111 0.032
0.111 0.031
0.111 0.032
0.111 0.039
0.155 0.048
0.155 0.044
0.155 0.039
0.155 0.034
0.143 0.039
0.143 0.035
0.143 0.037
0.143 0.033
0.156 0.027
0.156 0.023
0.156 0.023
0.156 0.028
0.177 0.031
0.177 0.033
0.177 0.028
0.177 0.028
0.214 0.027
0.214 0.031
0.214 0.039
0.214 0.038
0.197 0.037
0.197 0.034
0.197 0.033
0.197 0.034
0.154 0.034
0.154 0.032
0.154 0.028
0.154 0.025
0.176 0.027
0.176 0.022
0.176 0.021
0.176 0.020
0.202 0.016
0.202 0.017
0.202 0.011
0.202 0.010
0.169 0.019
0.169 0.017
0.169 0.017
0.169 0.017
0.154 0.016
0.154 0.016
0.154 0.025
0.154 0.029
0.099 0.040
0.099 0.044
0.099 0.048
0.099 0.048
0.099 0.050
0.168 0.052
0.168 0.046
0.168 0.048
0.168 0.048
0.196 0.046
0.196 0.041
0.196 0.045
0.196 0.041
0.259 0.041
0.259 0.041
0.259 0.035
0.259 0.034
0.212 0.027
0.212 0.032
0.212 0.033
0.212 0.033
0.208 0.033
0.208 0.035
0.208 0.038
0.208 0.034
0.161 0.037
0.161 0.031
0.161 0.026
0.161 0.026
0.072 0.026
0.072 0.021
0.072 0.029
0.072 0.034
0.093 0.035
0.093 0.031
0.093 0.035
0.093 0.044
0.093 0.038
0.052 0.039
0.052 0.040
0.052 0.032
0.052 0.032
0.110 0.027
0.110 0.029
0.110 0.033
0.110 0.031
0.111 0.034
0.111 0.033
0.111 0.028
0.111 0.027
0.143 0.029
0.143 0.026
0.143 0.027
0.143 0.033
0.167 0.029
0.167 0.034
0.167 0.033
0.167 0.034
0.206 0.034
0.206 0.034
0.206 0.034
0.206 0.032
0.206 0.034
0.160 0.033
0.160 0.032
0.160 0.033
0.191 0.034
0.191 0.038
0.191 0.038
0.191 0.042
0.267 0.042
0.267 0.048
0.267 0.048
0.267 0.046
0.293 0.037
0.293 0.034
0.293 0.034
0.293 0.037
0.322 0.029
0.322 0.027
0.322 0.029
0.322 0.029
0.313 0.032
0.313 0.031
0.313 0.027
0.313 0.027
0.382 0.029
0.382 0.028
0.382 0.033
0.382 0.033
0.410 0.033
0.410 0.031
0.410 0.031
0.410 0.032
0.324 0.034
0.324 0.035
0.324 0.037
0.324 0.037
0.367 0.028
0.367 0.028
0.367 0.032
0.367 0.037
0.314 0.042
0.314 0.046
0.314 0.046
0.314 0.042
0.262 0.037
0.262 0.028
0.262 0.026
0.262 0.023
0.236 0.022
0.236 0.022
0.236 0.016
0.236 0.021
0.334 0.028
0.334 0.033
0.334 0.035
0.334 0.039
0.332 0.037
0.332 0.039
0.332 0.038
0.332 0.038
0.277 0.039
0.277 0.040
0.277 0.039
0.277 0.037
0.257 0.037
0.257 0.037
0.257 0.032
0.257 0.026
0.177 0.028
0.177 0.028
0.177 0.023
0.177 0.028
0.161 0.027
0.161 0.028
0.161 0.026
0.161 0.027
0.158 0.029
0.158 0.029
0.158 0.034
0.158 0.035
0.158 0.040
0.093 0.034
0.093 0.034
0.093 0.033
0.093 0.033
0.116 0.029
0.116 0.026
0.116 0.033
0.116 0.032
0.201 0.032
0.201 0.032
0.201 0.025
0.201 0.020
0.199 0.023
0.199 0.022
0.199 0.020
0.199 0.023
0.243 0.029
0.243 0.026
0.243 0.022
0.243 0.020
0.198 0.027
0.198 0.023
0.198 0.027
0.198 0.031
0.219 0.031
0.219 0.031
0.219 0.034
0.219 0.034
0.219 0.034
0.219 0.034
0.171 0.038
0.171 0.038
0.171 0.037
0.171 0.041
0.171 0.040
0.220 0.035
0.220 0.038
0.220 0.037
0.220 0.040
0.267 0.042
0.267 0.046
0.267 0.046
0.335 0.046
0.335 0.048
0.335 0.042
0.335 0.041
0.366 0.040
0.366 0.039
0.366 0.038
0.366 0.035
0.345 0.032
0.345 0.035
0.345 0.031
0.345 0.029
0.298 0.028
0.298 0.028
0.298 0.028
0.298 0.029
0.219 0.021
0.219 0.016
0.219 0.016
0.219 0.016
0.234 0.021
0.234 0.021
0.234 0.023
0.234 0.027
0.245 0.025
0.245 0.025
0.245 0.027
0.245 0.033
0.245 0.029
0.210 0.021
0.210 0.022
0.210 0.019
0.210 0.019
0.229 0.021
0.229 0.023
0.229 0.022
0.229 0.026
0.189 0.026
0.189 0.023
0.189 0.023
0.189 0.028
0.168 0.032
0.168 0.026
0.168 0.025
0.168 0.032
0.120 0.027
0.120 0.025
0.120 0.031
0.120 0.038
0.095 0.034
0.095 0.032
0.095 0.033
0.095 0.032
0.141 0.033
0.141 0.033
0.141 0.029
0.141 0.029
0.197 0.032
0.197 0.031
0.197 0.031
0.197 0.031
0.197 0.020
0.197 0.019
0.197 0.015
0.197 0.013
0.176 0.016
0.176 0.021
0.176 0.023
0.176 0.028
0.176 0.033
0.192 0.034
0.192 0.023
0.192 0.026
0.192 0.032
0.258 0.032
0.258 0.026
0.258 0.025
0.258 0.027
0.318 0.035
0.318 0.033
0.318 0.038
0.318 0.041
0.265 0.040
0.265 0.034
0.265 0.037
0.265 0.037
0.289 0.037
0.289 0.035
0.289 0.032
0.289 0.033
0.257 0.040
0.257 0.039
0.257 0.039
0.257 0.039
0.220 0.039
0.220 0.039
0.220 0.038
0.220 0.038
0.220 0.035
0.256 0.033
0.256 0.022
0.256 0.028
0.256 0.034
0.318 0.028
0.318 0.025
0.318 0.027
0.318 0.027
0.298 0.037
0.298 0.039
0.298 0.037
0.261 0.039
0.261 0.039
0.261 0.034
0.261 0.039
0.265 0.037
0.265 0.034
0.265 0.032
0.265 0.019
0.279 0.021
0.279 0.014
0.279 0.016
0.279 0.022
0.291 0.019
0.291 0.020
0.291 0.023
0.291 0.029
0.266 0.023
0.266 0.015
0.266 0.017
0.266 0.026
0.271 0.017
0.271 0.020
0.271 0.021
0.271 0.023
0.242 0.026
0.242 0.026
0.242 0.022
0.242 0.022
0.209 0.021
0.209 0.029
0.209 0.028
0.209 0.031
0.194 0.029
0.194 0.027
0.194 0.035
0.194 0.033
0.141 0.029
0.141 0.026
0.141 0.027
0.141 0.032
0.133 0.046
0.133 0.041
0.133 0.039
0.133 0.038
0.169 0.035
0.169 0.035
0.169 0.035
0.169 0.029
0.251 0.034
0.251 0.034
0.251 0.029
0.251 0.029
0.291 0.032
0.291 0.033
0.291 0.037
0.291 0.038
0.246 0.035
0.246 0.037
0.246 0.037
0.246 0.034
0.309 0.033
0.309 0.038
0.309 0.034
0.309 0.035
0.228 0.029
0.228 0.017
0.228 0.019
0.228 0.022
0.219 0.022
0.219 0.016
0.219 0.017
0.219 0.016
0.202 0.021
0.202 0.022
0.202 0.020
0.202 0.020
0.277 0.023
0.277 0.021
0.277 0.021
0.277 0.020
0.234 0.025
0.234 0.025
0.234 0.020
0.234 0.015
0.203 0.017
0.203 0.020
0.203 0.017
0.203 0.015
0.266 0.019
0.266 0.020
0.266 0.021
0.266 0.028
0.249 0.025
0.249 0.025
0.249 0.029
0.249 0.033
0.249 0.037
0.204 0.035
0.204 0.034
0.204 0.028
0.204 0.029
0.256 0.029
0.256 0.026
0.256 0.022
0.256 0.025
0.252 0.028
0.252 0.037
0.252 0.037
0.252 0.032
0.259 0.033
0.259 0.038
0.259 0.035
0.259 0.033
0.254 0.040
0.254 0.040
0.254 0.039
0.254 0.033
0.304 0.031
0.304 0.037
0.304 0.037
0.304 0.034
0.288 0.029
0.288 0.025
0.288 0.025
0.288 0.029
0.255 0.021
0.255 0.020
0.255 0.016
0.255 0.016
0.197 0.025
0.197 0.020
0.197 0.022
0.197 0.022
0.261 0.022
0.261 0.023
0.261 0.022
0.261 0.026
0.330 0.027
0.330 0.027
0.330 0.033
0.330 0.038
0.330 0.038
0.285 0.046
0.285 0.042
0.285 0.044
0.285 0.044
0.285 0.045
0.241 0.047
0.241 0.046
0.241 0.044
0.241 0.044
0.260 0.040
0.260 0.037
0.260 0.034
0.260 0.032
0.260 0.032
0.331 0.037
0.331 0.037
0.331 0.042
0.331 0.041
0.331 0.038
0.297 0.029
0.297 0.027
0.297 0.026
0.297 0.026
0.304 0.023
0.304 0.023
0.304 0.021
0.304 0.019
0.330 0.016
0.330 0.016
0.330 0.013
0.330 0.011
0.264 0.013
0.264 0.016
0.264 0.020
0.264 0.017
0.279 0.026
0.279 0.016
0.279 0.011
0.279 0.016
0.290 0.025
0.290 0.021
0.290 0.020
0.290 0.027
0.277 0.027
0.277 0.026
0.277 0.031
0.277 0.032
0.235 0.034
0.235 0.027
0.235 0.026
0.235 0.026
0.235 0.026
0.267 0.028
0.267 0.029
0.267 0.027
0.267 0.028
0.228 0.023
0.228 0.023
0.228 0.029
0.228 0.027
0.228 0.029
0.284 0.022
0.284 0.026
0.284 0.023
0.284 0.028
0.284 0.019
0.284 0.020
0.284 0.017
0.284 0.016
0.261 0.017
0.261 0.015
0.261 0.017
0.261 0.028
0.224 0.033
0.224 0.035
0.224 0.041
0.224 0.039
0.216 0.033
0.216 0.033
0.216 0.029
0.216 0.026
0.167 0.021
0.167 0.021
0.167 0.019
0.167 0.019
0.167 0.027
0.141 0.021
0.141 0.028
0.141 0.028
0.141 0.028
0.133 0.025
0.133 0.019
0.133 0.010
0.133 0.016
0.133 0.021
0.106 0.016
0.106 0.032
0.106 0.029
0.106 0.034
0.117 0.037
0.117 0.045
0.117 0.045
0.117 0.044
0.117 0.041
0.222 0.045
0.222 0.042
0.222 0.046
0.205 0.045
0.205 0.045
0.205 0.042
0.205 0.037
0.266 0.031
0.266 0.026
0.266 0.026
0.266 0.027
0.266 0.021
0.293 0.021
0.293 0.019
0.293 0.025
0.293 0.029
0.236 0.031
0.236 0.032
0.236 0.032
0.236 0.032
0.192 0.037
0.192 0.034
0.192 0.032
0.192 0.033
0.194 0.035
0.194 0.029
0.194 0.029
0.194 0.026
0.280 0.027
0.280 0.022
0.280 0.020
0.280 0.016
0.271 0.015
0.271 0.015
0.271 0.011
0.271 0.013
0.283 0.004
0.283 0.007
0.283 0.009
0.283 0.013
0.272 0.015
0.272 0.019
0.272 0.029
0.272 0.033
0.329 0.022
0.329 0.028
0.329 0.028
0.329 0.027
0.295 0.038
0.295 0.038
0.295 0.032
0.295 0.034
0.249 0.032
0.249 0.037
0.249 0.031
0.249 0.029
0.321 0.027
0.321 0.029
0.321 0.032
0.321 0.032
0.321 0.032
0.300 0.034
0.300 0.032
0.300 0.027
0.300 0.022
0.294 0.019
0.294 0.021
0.294 0.019
0.294 0.020
0.226 0.019
0.226 0.014
0.226 0.014
0.226 0.014
0.226 0.021
0.251 0.026
0.251 0.034
0.251 0.032
0.251 0.027
0.258 0.027
0.258 0.025
0.258 0.022
0.258 0.027
0.264 0.029
0.264 0.028
0.264 0.023
0.264 0.023
0.181 0.029
0.181 0.022
0.181 0.016
0.181 0.017
0.153 0.022
0.153 0.022
0.153 0.019
0.153 0.020
0.186 0.017
0.186 0.014
0.186 0.011
0.186 0.010
0.177 0.009
0.177 0.019
0.177 0.023
0.177 0.023
0.203 0.021
0.203 0.016
0.203 0.016
0.203 0.020
0.180 0.022
0.180 0.021
0.180 0.020
0.180 0.021
0.248 0.022
0.248 0.023
0.248 0.020
0.248 0.023
0.182 0.028
0.182 0.032
0.182 0.040
0.182 0.038
0.205 0.029
0.205 0.037
0.205 0.038
0.205 0.031
0.236 0.034
0.236 0.032
0.236 0.028
0.203 0.028
0.203 0.026
0.203 0.028
0.203 0.032
0.203 0.032
0.147 0.029
0.147 0.026
0.147 0.027
0.147 0.027
0.181 0.029
0.181 0.032
0.181 0.039
0.181 0.035
0.196 0.034
0.196 0.034
0.196 0.035
0.196 0.039
0.217 0.027
0.217 0.029
0.217 0.031
0.217 0.034
0.157 0.040
0.157 0.047
0.157 0.046
0.157 0.040
0.157 0.040
0.079 0.047
0.079 0.050
0.079 0.051
0.079 0.048
0.129 0.042
0.129 0.045
0.129 0.045
0.129 0.044
0.114 0.042
0.114 0.040
0.114 0.045
0.114 0.041
0.112 0.034
0.112 0.034
0.112 0.037
0.112 0.034
0.176 0.042
0.176 0.035
0.176 0.035
0.176 0.042
0.224 0.039
0.224 0.032
0.224 0.033
0.224 0.032
0.162 0.040
0.162 0.040
0.162 0.034
0.162 0.034
0.162 0.032
0.084 0.037
0.084 0.034
0.084 0.034
0.084 0.035
0.134 0.031
0.134 0.031
0.134 0.032
0.134 0.032
0.139 0.031
0.139 0.027
0.139 0.023
0.139 0.032
0.238 0.029
0.238 0.034
0.238 0.035
0.238 0.037
0.238 0.040
0.249 0.041
0.249 0.038
0.249 0.038
0.249 0.042
0.226 0.034
0.226 0.033
0.226 0.034
0.226 0.034
0.258 0.039
0.258 0.041
0.258 0.039
0.258 0.035
0.179 0.032
0.179 0.033
0.179 0.035
0.179 0.033
0.152 0.029
0.152 0.028
0.152 0.028
0.152 0.027
0.152 0.031
0.150 0.020
0.150 0.016
0.150 0.013
0.150 0.019
0.162 0.023
0.162 0.028
0.162 0.033
0.162 0.035
0.191 0.031
0.191 0.031
0.191 0.035
0.191 0.033
0.191 0.035
0.191 0.034
0.191 0.034
0.191 0.028
0.191 0.032
0.203 0.039
0.203 0.040
0.203 0.042
0.203 0.037
0.125 0.038
0.125 0.039
0.125 0.038
0.125 0.031
0.153 0.021
0.153 0.022
0.153 0.027
0.153 0.021
0.207 0.021
0.207 0.021
0.207 0.023
0.162 0.015
0.162 0.013
0.162 0.013
0.162 0.010
0.224 0.014
0.224 0.020
0.224 0.020
0.224 0.019
0.141 0.014
0.141 0.019
0.141 0.021
0.141 0.019
0.141 0.019
0.154 0.023
0.154 0.027
0.154 0.025
0.154 0.022
0.185 0.023
0.185 0.026
0.185 0.026
0.185 0.028
0.123 0.022
0.123 0.022
0.123 0.021
0.123 0.021
0.123 0.020
0.183 0.022
0.183 0.022
0.183 0.025
0.183 0.029
0.198 0.034
0.198 0.037
0.198 0.033
0.198 0.032
0.219 0.037
0.219 0.034